Webots Project File version R2020b
perspectives: 000000ff00000000fd00000003000000000000000000000000fc0100000001fb0000001a0044006f00630075006d0065006e0074006100740069006f006e0000000000ffffffff0000005400ffffff0000000100000270000002a7fc0200000001fb0000001400540065007800740045006400690074006f00720100000015000002a70000009d00ffffff00000003000007800000012dfc0100000001fb0000001a0043006f006e0073006f006c00650041006c006c0041006c006c0100000000000007800000005400ffffff0000050a000002a700000001000000020000000100000008fc00000000
simulationViewPerspectives: 000000ff0000000100000002000001180000043b0100000006010000000100
sceneTreePerspectives: 000000ff000000010000000200000267000000000100000006010000000200
maximizedDockId: -1
centralWidgetVisible: 1
orthographicViewHeight: 1
textFiles: 0 "controllers/main/your_controller.py"
consoles: Console:All:All
renderingDevicePerspectives: tesla:console;1;1;0.194829;0.0158554
renderingDevicePerspectives: tesla:speedometer;1;1;0;0
