Webots Project File version R2020b
perspectives: 000000ff00000000fd00000003000000000000000000000000fc0100000001fb0000001a0044006f00630075006d0065006e0074006100740069006f006e0000000000ffffffff0000005400ffffff0000000100000221000003dafc0200000001fb0000001400540065007800740045006400690074006f00720100000015000003da0000009d00ffffff0000000300000780000000d8fc0100000001fb0000001a0043006f006e0073006f006c00650041006c006c0041006c006c03000000000000033600000780000000d800000559000003da00000001000000020000000100000008fc00000000
simulationViewPerspectives: 000000ff0000000100000002000001180000043b0100000006010000000100
sceneTreePerspectives: 000000ff0000000100000002000000c0000000fc0100000006010000000200
maximizedDockId: -1
centralWidgetVisible: 1
orthographicViewHeight: 1
textFiles: 1 "controllers/main/your_controller.py" "controllers/main/main.py" "controllers/main/util.py" "controllers/main/base_controller.py"
consoles: Console:All:All
renderingDevicePerspectives: tesla:console;1;1;0.235457;0.0240794
renderingDevicePerspectives: tesla:speedometer;1;1;0;0
